CDK2	10	300903	305438
OR4K14	10	16284338	16285270
CFAP36	10	56373996	56403120
HNRNPH1	11	2050871	2059999
MTRNR2L7	11	67479424	67479495
ENSCAFG00000000604	12	1149548	1154418
OR2T11	14	2695311	2696273
ENSCAFG00000017509	14	21397104	21397985
HOXA9	14	40337999	40339923
HTR5A	16	18142830	18152442
ENSCAFG00000006360	17	31239059	31241325
VANGL1	17	53174127	53220765
OR4C3	18	41248987	41249895
CFL1	18	51401659	51408212
AHNAK	18	54100942	54113424
DOK6	1	8453714	8707173
ONECUT2	1	18440172	18486048
ENSCAFG00000048821	1	28904561	28906603
ENSCAFG00000014649	1	78436477	78632836
ENSCAFG00000028940	1	103182038	103188272
ENSCAFG00000031827	1	104093323	104109459
ENSCAFG00000047374	1	104192111	104345986
ENSCAFG00000042771	1	104377304	104397225
ENSCAFG00000044273	1	105022792	105026309
ENSCAFG00000044603	1	105060982	105063855
ENSCAFG00000043059	1	105265046	105282945
KLK4	1	105951691	106007581
ENSCAFG00000048508	1	113431104	113435656
ENSCAFG00000041829	1	113939036	113940699
MITF	20	21612927	21870578
ENSCAFG00000018129	20	51790059	51828719
RAB6A	21	24492359	24576524
OR51F23	21	27089139	27090068
ENSCAFG00000046019	21	27188794	27190395
OR52A5	21	27987233	27988183
ENSCAFG00000007483	24	17409459	17409764
ZNF341	24	22938093	22982367
TWIST2	25	49165641	49166123
DUSP18	26	23735285	23735748
ENSCAFG00000044356	26	25788051	25788574
ENSCAFG00000043925	26	27353819	27355802
ENSCAFG00000015176	26	27523844	27525119
ENSCAFG00000007311	27	2746253	2752216
ENSCAFG00000029531	27	26132016	26145510
ENSCAFG00000043546	27	26155986	26189778
ENSCAFG00000048463	27	34812404	34813123
IQSEC3	27	42148956	42256790
WNK1	27	42765181	42912806
MKI67	28	36913023	36939486
ENSCAFG00000023337	2	4740266	4750862
ENSCAFG00000049738	2	54275133	54278138
HSPG2	2	77301858	77367724
OR4Q2	30	629120	630119
SQOR	30	11956366	12004765
ENSCAFG00000000045	31	19992	21328
CASP6	32	29897823	29911469
OR5K5	33	5300333	5301262
NFKBIZ	33	8073840	8154561
WDR12	37	11762777	11786933
ENSCAFG00000012558	37	11890145	11891863
LINS1	3	40415163	40436966
ENSCAFG00000012274	3	72537068	72537388
TCOF1	4	58699069	58738681
ZCCHC14	5	65611026	65664923
FOXC2	5	66294176	66295693
ENSCAFG00000019198	6	36827415	36828986
ENSCAFG00000019812	6	42202848	42209066
ENSCAFG00000014787	7	5962880	5963836
LHX4	7	13779774	13821317
ENSCAFG00000017072	7	42410119	42417599
ENSCAFG00000031023	8	2356960	2358745
ENSCAFG00000046168	8	2406019	2408341
ENSCAFG00000030258	8	72881377	73388517
ENSCAFG00000030900	8	73235300	73266913
ENSCAFG00000044868	8	73294959	73295511
ENSCAFG00000041353	8	73386962	73466787
ENSCAFG00000028509	8	73477691	73886755
ENSCAFG00000049412	8	74290728	74293206
TMEM92	9	26256260	26261056
ENSCAFG00000044172	9	41497097	41499811
SETX	9	51901233	51978833
ENSCAFG00000020060	9	55100533	55100964
OR1L8	9	60118039	60118968
